(50, 995)
0.0457799434662
(50, 997)
0.0407209396362
(50, 970)
0.0403759479523
(50, 976)
0.0405750274658
(50, 1361)
0.05952501297
(50, 1370)
0.06755900383
(50, 1765)
0.0864021778107
(50, 2030)
0.100004911423
(50, 2152)
0.109808921814
(50, 2745)
0.141029119492
(50, 2397)
0.126857995987
(50, 3676)
0.197197198868
(50, 3194)
0.17947101593
(50, 3665)
0.201443910599
(50, 4223)
0.234131097794
(50, 4316)
0.238992929459
(50, 4179)
0.227853059769
(50, 4589)
0.258603096008
(50, 4389)
0.251264095306
(50, 5782)
0.33789396286
(50, 5030)
0.295748949051
(50, 5241)
0.306385040283
(50, 5691)
0.342627048492
(50, 5613)
0.325320959091
(50, 6312)
0.359972953796
(50, 5939)
0.351051807404
(50, 5883)
0.350798845291
(50, 6619)
0.410634994507
(50, 5990)
0.361232995987
(50, 8045)
0.502250909805
(50, 8349)
0.525506973267
(50, 8630)
0.528837919235
(50, 7341)
0.447613954544
(50, 7894)
0.497023105621
(50, 8186)
0.516222000122
(50, 9462)
0.615912914276
(50, 9829)
0.620931863785
(50, 8297)
0.544333934784
(50, 8990)
0.574374914169
(50, 9191)
0.599956989288
(50, 9656)
0.607618093491
(50, 10962)
0.711517095566
(50, 11194)
0.727451086044
(50, 12882)
0.827581882477
(50, 11181)
0.714708089828
(50, 10940)
0.708968877792
(50, 12215)
0.827582120895
(50, 10204)
0.690572023392
(50, 13322)
0.871872901917
(50, 9771)
0.654653072357
(50, 13794)
0.956370830536
(50, 12634)
0.860470056534
(50, 13152)
0.897235155106
(50, 12856)
0.863893032074
(50, 13955)
0.98100399971
(50, 12832)
0.851201057434
(50, 14549)
0.987608909607
(50, 12400)
0.847738027573
(50, 14154)
0.961438894272
(50, 14207)
0.963407993317
(50, 15152)
1.04766798019
(50, 15968)
1.14450478554
(50, 13435)
0.937133073807
(50, 17402)
1.18947577477
(50, 14604)
1.02813887596
(50, 15470)
1.05332398415
(50, 19210)
1.3527200222
(50, 17626)
1.22190403938
(50, 14423)
0.996392011642
(50, 18495)
1.29777312279
(50, 18009)
1.27259898186
(50, 17958)
1.28645801544
(50, 19819)
1.41115498543
(50, 19303)
1.38768792152
(50, 17767)
1.27945399284
(50, 16930)
1.20012402534
(50, 18627)
1.33763098717
(50, 19540)
1.39362812042
(50, 20245)
1.46186995506
(50, 19092)
1.39857506752
(50, 20643)
1.46550703049
(50, 18928)
1.35183191299
(50, 22345)
1.60308504105
(50, 20642)
1.50053596497
(50, 24400)
1.7979722023
(50, 21012)
1.50990796089
(50, 22874)
1.66157913208
(50, 21329)
1.59085702896
(50, 21202)
1.56514787674
(50, 23733)
1.72266602516
(50, 23886)
1.71035718918
(50, 22579)
1.65278100967
(50, 22438)
1.65293312073
(50, 22937)
1.6845138073
(50, 23171)
1.70435810089
(50, 24469)
1.78547906876
(50, 25282)
1.91020703316
(50, 26440)
1.96726489067
(50, 24394)
1.78914880753
(50, 24217)
1.81049108505
