(50, 994)
0.0588979721069
(50, 997)
0.0382480621338
(50, 998)
0.0391111373901
(50, 999)
0.0404331684113
(50, 1232)
0.0540490150452
(50, 1388)
0.0638270378113
(50, 1812)
0.0801179409027
(50, 1941)
0.0865960121155
(50, 2258)
0.104295015335
(50, 2835)
0.134294986725
(50, 2230)
0.100811958313
(50, 3509)
0.177390098572
(50, 3198)
0.160565853119
(50, 3843)
0.187445163727
(50, 4478)
0.22261595726
(50, 4208)
0.203515052795
(50, 4365)
0.208918094635
(50, 4150)
0.198390007019
(50, 4715)
0.229475975037
(50, 5511)
0.272478818893
(50, 5324)
0.261871099472
(50, 5962)
0.294904947281
(50, 5714)
0.286396980286
(50, 6452)
0.329153060913
(50, 5763)
0.29402589798
(50, 6872)
0.353124856949
(50, 6968)
0.357321977615
(50, 5662)
0.28625202179
(50, 5917)
0.297929048538
(50, 7239)
0.376893997192
(50, 8117)
0.433176040649
(50, 8398)
0.448292016983
(50, 8473)
0.44827914238
(50, 8096)
0.422599077225
(50, 8135)
0.434461116791
(50, 7907)
0.416157007217
(50, 8907)
0.465011835098
(50, 8153)
0.429558038712
(50, 10348)
0.560408115387
(50, 10102)
0.550359964371
(50, 10121)
0.561729192734
(50, 10955)
0.593710184097
(50, 10120)
0.550121068954
(50, 12713)
0.696870088577
(50, 11855)
0.663707971573
(50, 12146)
0.664659023285
(50, 11652)
0.643254995346
(50, 11620)
0.643419027328
(50, 11782)
0.649053812027
(50, 11557)
0.630296945572
(50, 12864)
0.730015039444
(50, 13843)
0.777106046677
(50, 12729)
0.727231025696
(50, 14100)
0.79660487175
(50, 12577)
0.697648048401
(50, 12448)
0.710103988647
(50, 16130)
0.918313980103
(50, 12800)
0.718189001083
(50, 14882)
0.849353075027
(50, 14400)
0.808743000031
(50, 12235)
0.696870088577
(50, 16155)
0.933913230896
(50, 12130)
0.676908016205
(50, 19331)
1.16648888588
(50, 16010)
0.937366008759
(50, 17216)
0.999526023865
(50, 15573)
0.893500804901
(50, 16718)
0.985234022141
(50, 14320)
0.830648899078
(50, 18728)
1.09731507301
(50, 16483)
0.957934856415
(50, 18685)
1.1170361042
(50, 18235)
1.07909607887
(50, 19261)
1.17810201645
(50, 19096)
1.15177798271
(50, 18197)
1.09339094162
(50, 18042)
1.08419895172
(50, 15462)
0.901297807693
(50, 18847)
1.14957809448
(50, 16243)
0.94566488266
(50, 22447)
1.3720729351
(50, 22247)
1.34750509262
(50, 24998)
1.59559106827
(50, 18450)
1.13099312782
(50, 23189)
1.44389200211
(50, 23056)
1.43486905098
(50, 22781)
1.42857193947
(50, 19304)
1.21562695503
(50, 26067)
1.64848709106
(50, 24054)
1.51736807823
(50, 27090)
1.75033903122
(50, 24812)
1.5855038166
(50, 20819)
1.32099294662
(50, 27010)
1.72974205017
(50, 22717)
1.47172403336
(50, 20443)
1.28249406815
(50, 23608)
1.50415611267
(50, 26875)
1.72750091553
(50, 24281)
1.55901098251
(50, 24293)
1.57232689857
