(50, 994)
0.0445590019226
(50, 997)
0.0393221378326
(50, 998)
0.0408458709717
(50, 999)
0.0428369045258
(50, 1232)
0.0596549510956
(50, 1388)
0.0708870887756
(50, 1812)
0.0880630016327
(50, 1941)
0.0972139835358
(50, 2258)
0.137360095978
(50, 2835)
0.245787143707
(50, 2230)
0.125941991806
(50, 3509)
0.198004007339
(50, 3198)
0.220703840256
(50, 3843)
0.212723970413
(50, 4478)
0.246310949326
(50, 4208)
0.232871055603
(50, 4365)
0.244263887405
(50, 4150)
0.241687059402
(50, 4715)
0.266294956207
(50, 5511)
0.328587770462
(50, 5324)
0.313314914703
(50, 5962)
0.355881929398
(50, 5714)
0.352303981781
(50, 6452)
0.386565923691
(50, 5763)
0.35004401207
(50, 6872)
0.428463935852
(50, 6968)
0.421074151993
(50, 5662)
0.352115154266
(50, 5917)
0.370221853256
(50, 7239)
0.465284109116
(50, 8117)
0.536818981171
(50, 8398)
0.547415971756
(50, 8473)
0.571791172028
(50, 8096)
0.512475013733
(50, 8135)
0.519471883774
(50, 7907)
0.496945858002
(50, 8907)
0.601015090942
(50, 8153)
0.56694817543
(50, 10348)
0.673373937607
(50, 10102)
0.638585090637
(50, 10121)
0.63796210289
(50, 10955)
0.703337907791
(50, 10120)
0.651569843292
(50, 12713)
0.809101819992
(50, 11855)
0.765625
(50, 12146)
0.795277833939
(50, 11652)
0.772346973419
(50, 11620)
0.758788108826
(50, 11782)
0.779372930527
(50, 11557)
0.770320177078
(50, 12864)
0.850526094437
(50, 13843)
0.913472890854
(50, 12729)
0.849951982498
(50, 14100)
0.94637799263
(50, 12577)
0.849487066269
(50, 12448)
0.822853088379
(50, 16130)
1.07280087471
(50, 12800)
0.866411209106
(50, 14882)
0.992690086365
(50, 14400)
0.980638027191
(50, 12235)
0.823390960693
(50, 16155)
1.10711407661
(50, 12130)
0.831448078156
(50, 19331)
1.2557849884
(50, 16010)
1.1098780632
(50, 17216)
1.17083191872
(50, 15573)
1.08834719658
(50, 16718)
1.13613891602
(50, 14320)
0.993868112564
(50, 18728)
1.30170679092
(50, 16483)
1.14059400558
(50, 18685)
1.27575111389
(50, 18235)
1.26341414452
(50, 19261)
1.31644392014
(50, 19096)
1.31057095528
(50, 18197)
1.2435939312
(50, 18042)
1.2599799633
(50, 15462)
1.09314799309
(50, 18847)
1.31089091301
(50, 16243)
1.1654009819
(50, 22447)
1.5904481411
(50, 22247)
1.56066608429
(50, 24998)
1.74883699417
(50, 18450)
1.2910490036
(50, 23189)
1.63770699501
(50, 23056)
1.64334702492
(50, 22781)
1.62511992455
(50, 19304)
1.39271998405
(50, 26067)
1.82393908501
(50, 24054)
1.72979617119
(50, 27090)
1.89871788025
(50, 24812)
1.77616596222
(50, 20819)
1.52646899223
(50, 27010)
1.93371701241
(50, 22717)
1.64209699631
(50, 20443)
1.491533041
(50, 23608)
1.73335599899
(50, 26875)
1.96783280373
(50, 24281)
1.78169894218
(50, 24293)
1.78212594986
