(50, 995)
0.046236038208
(50, 997)
0.0411381721497
(50, 970)
0.038547039032
(50, 976)
0.0392611026764
(50, 1361)
0.0578038692474
(50, 1370)
0.0608870983124
(50, 1765)
0.0831298828125
(50, 2030)
0.097795009613
(50, 2152)
0.100873947144
(50, 2745)
0.13534784317
(50, 2397)
0.119968175888
(50, 3676)
0.182626962662
(50, 3194)
0.168253898621
(50, 3665)
0.192101955414
(50, 4223)
0.225602149963
(50, 4316)
0.236867904663
(50, 4179)
0.236573934555
(50, 4589)
0.251197099686
(50, 4389)
0.244513034821
(50, 5782)
0.322736024857
(50, 5030)
0.28843998909
(50, 5241)
0.29514503479
(50, 5691)
0.333235025406
(50, 5613)
0.340690135956
(50, 6312)
0.360758066177
(50, 5939)
0.33700799942
(50, 5883)
0.334201097488
(50, 6619)
0.397788047791
(50, 5990)
0.357815980911
(50, 8045)
0.481730937958
(50, 8349)
0.51443696022
(50, 8630)
0.513978004456
(50, 7341)
0.439773082733
(50, 7894)
0.461709976196
(50, 8186)
0.502856016159
(50, 9462)
0.589376926422
(50, 9829)
0.58984208107
(50, 8297)
0.495736122131
(50, 8990)
0.539021968842
(50, 9191)
0.559022903442
(50, 9656)
0.594295978546
(50, 10962)
0.701143980026
(50, 11194)
0.734247922897
(50, 12882)
0.804251909256
(50, 11181)
0.709249973297
(50, 10940)
0.672800064087
(50, 12215)
0.757442951202
(50, 10204)
0.645044088364
(50, 13322)
0.887411117554
(50, 9771)
0.621088981628
(50, 13794)
0.864372014999
(50, 12634)
0.810261011124
(50, 13152)
0.857316017151
(50, 12856)
0.832599878311
(50, 13955)
0.904162168503
(50, 12832)
0.857336044312
(50, 14549)
0.931374073029
(50, 12400)
0.820133924484
(50, 14154)
0.909083127975
(50, 14207)
0.91494011879
(50, 15152)
1.02061390877
(50, 15968)
1.05180287361
(50, 13435)
0.910392045975
(50, 17402)
1.14791297913
(50, 14604)
0.959275960922
(50, 15470)
0.999477863312
(50, 19210)
1.30206894875
(50, 17626)
1.17928910255
(50, 14423)
0.982732057571
(50, 18495)
1.25742888451
(50, 18009)
1.25919604301
(50, 17958)
1.21973204613
(50, 19819)
1.37249898911
(50, 19303)
1.38788700104
(50, 17767)
1.20701789856
(50, 16930)
1.16442298889
(50, 18627)
1.2901198864
(50, 19540)
1.38452410698
(50, 20245)
1.43460297585
(50, 19092)
1.3284599781
(50, 20643)
1.40997695923
(50, 18928)
1.3096101284
(50, 22345)
1.554033041
(50, 20642)
1.44875502586
(50, 24400)
1.71255278587
(50, 21012)
1.45643687248
(50, 22874)
1.60423588753
(50, 21329)
1.50617194176
(50, 21202)
1.53409290314
(50, 23733)
1.70732998848
(50, 23886)
1.68477106094
(50, 22579)
1.59232592583
(50, 22438)
1.59969377518
(50, 22937)
1.62208604813
(50, 23171)
1.64096283913
(50, 24469)
1.71591091156
(50, 25282)
1.80255103111
(50, 26440)
1.91090393066
(50, 24394)
1.74945783615
(50, 24217)
1.73904299736
