(50, 1094)
0.046257019043
(50, 1097)
0.0433638095856
(50, 1098)
0.0437021255493
(50, 1099)
0.045431137085
(50, 1480)
0.0684430599213
(50, 1685)
0.0784487724304
(50, 2159)
0.100718021393
(50, 2337)
0.109466075897
(50, 2703)
0.131618976593
(50, 3330)
0.167886972427
(50, 2774)
0.134618997574
(50, 4103)
0.224169015884
(50, 3842)
0.19547700882
(50, 4536)
0.230205059052
(50, 5220)
0.269032001495
(50, 5000)
0.259757041931
(50, 5206)
0.263300180435
(50, 5041)
0.256052970886
(50, 5656)
0.303470134735
(50, 6501)
0.340862035751
(50, 6364)
0.335381984711
(50, 7051)
0.380411148071
(50, 6853)
0.363878011703
(50, 7641)
0.433396100998
(50, 7001)
0.3948969841
(50, 8159)
0.467663049698
(50, 8305)
0.461895942688
(50, 7048)
0.394737005234
(50, 7353)
0.405431985855
(50, 8724)
0.500301122665
(50, 9652)
0.575603961945
(50, 9982)
0.587342023849
(50, 10107)
0.592452049255
(50, 9779)
0.563579082489
(50, 9867)
0.601174116135
(50, 9689)
0.571936845779
(50, 10738)
0.618756055832
(50, 10034)
0.593737840652
(50, 12279)
0.736577033997
(50, 12082)
0.743321895599
(50, 12151)
0.756501913071
(50, 13034)
0.779875993729
(50, 12249)
0.750535011292
(50, 14892)
0.90115404129
(50, 14083)
0.886304855347
(50, 14423)
0.876358985901
(50, 13979)
0.872407197952
(50, 13996)
0.876003026962
(50, 14208)
0.879859924316
(50, 14032)
0.859990119934
(50, 15388)
0.988727092743
(50, 16417)
1.03035902977
(50, 15353)
1.00750279427
(50, 16774)
1.06363892555
(50, 15299)
0.967693090439
(50, 15220)
1.00260806084
(50, 18952)
1.21314191818
(50, 15671)
1.00262403488
(50, 17802)
1.14675521851
(50, 17370)
1.08723282814
(50, 15254)
0.996866941452
(50, 19224)
1.2679271698
(50, 15249)
0.985186100006
(50, 22500)
1.5556139946
(50, 19228)
1.28546881676
(50, 20483)
1.3351020813
(50, 18890)
1.22543501854
(50, 20084)
1.34901404381
(50, 17736)
1.18300104141
(50, 22193)
1.45714306831
(50, 19998)
1.30925393105
(50, 22250)
1.51028013229
(50, 21849)
1.45588588715
(50, 22925)
1.60570216179
(50, 22808)
1.5620970726
(50, 21960)
1.49880003929
(50, 21854)
1.50637698174
(50, 19323)
1.29235506058
(50, 22758)
1.59559512138
(50, 20204)
1.34326100349
(50, 26457)
1.79197001457
(50, 26306)
1.78596496582
(50, 29107)
2.08212590218
(50, 22608)
1.58979701996
(50, 27396)
1.91543912888
(50, 27313)
1.90291309357
(50, 27088)
1.93099308014
(50, 23660)
1.71605014801
(50, 30473)
2.16921710968
(50, 28509)
2.02062702179
(50, 31595)
2.28776192665
(50, 29367)
2.11417102814
(50, 25423)
1.83117699623
(50, 31664)
2.26397395134
(50, 27420)
2.0242061615
(50, 25195)
1.77732515335
(50, 28410)
2.05087804794
(50, 31726)
2.27573895454
(50, 29182)
2.09711718559
(50, 29243)
2.14562988281
