(20, 994)
0.0320031642914
(20, 946)
0.0247941017151
(20, 998)
0.0269720554352
(20, 999)
0.0323710441589
(20, 963)
0.0325231552124
(20, 928)
0.0283710956573
(20, 986)
0.0344700813293
(20, 947)
0.0287120342255
(20, 994)
0.0293700695038
(20, 1002)
0.03293800354
(20, 986)
0.0353269577026
(20, 1151)
0.0394539833069
(20, 1190)
0.0359969139099
(20, 1333)
0.0415298938751
(20, 1816)
0.0577039718628
(20, 1670)
0.0546250343323
(20, 1868)
0.0618689060211
(20, 1845)
0.0572590827942
(20, 2129)
0.0772478580475
(20, 1907)
0.0687069892883
(20, 2264)
0.0852081775665
(20, 2581)
0.0913779735565
(20, 2222)
0.0802819728851
(20, 2701)
0.0959169864655
(20, 2396)
0.0916018486023
(20, 3164)
0.129280090332
(20, 2820)
0.117958784103
(20, 1887)
0.0639879703522
(20, 2146)
0.0765428543091
(20, 2994)
0.107558012009
(20, 3498)
0.122916936874
(20, 3152)
0.11714887619
(20, 4219)
0.155987024307
(20, 3423)
0.124907970428
(20, 3185)
0.119754076004
(20, 2990)
0.119361877441
(20, 3556)
0.155945062637
(20, 3107)
0.13701581955
(20, 4219)
0.183396816254
(20, 3915)
0.156628847122
(20, 3976)
0.174164056778
(20, 4618)
0.203949928284
(20, 4989)
0.229513883591
(20, 4652)
0.211766958237
(20, 5030)
0.217919826508
(20, 5554)
0.249329090118
(20, 3934)
0.181244850159
(20, 4474)
0.179470062256
(20, 4406)
0.178272008896
(20, 4623)
0.178515911102
(20, 4192)
0.186144113541
(20, 5283)
0.224227190018
(20, 4472)
0.182741880417
(20, 6485)
0.282841205597
(20, 4377)
0.203140974045
(20, 5544)
0.26266002655
(20, 6751)
0.32590508461
(20, 6442)
0.289253950119
(20, 5981)
0.2630610466
(20, 5431)
0.25107216835
(20, 4683)
0.210964202881
(20, 5531)
0.232965946198
(20, 5378)
0.219727993011
(20, 6706)
0.283995866776
(20, 5274)
0.258917093277
(20, 7712)
0.324806928635
(20, 5852)
0.243031024933
(20, 7184)
0.317695856094
(20, 6380)
0.2719810009
(20, 8036)
0.334213972092
(20, 7175)
0.289107084274
(20, 7498)
0.308804035187
(20, 6813)
0.282397031784
(20, 8085)
0.318031072617
(20, 7163)
0.296812057495
(20, 7981)
0.327332019806
(20, 6802)
0.279644966125
(20, 5272)
0.222791194916
(20, 7658)
0.31339597702
(20, 6373)
0.263605117798
(20, 10197)
0.428900957108
(20, 8381)
0.344282865524
(20, 9761)
0.401805877686
(20, 6765)
0.278105020523
(20, 8795)
0.364311933517
(20, 10315)
0.444123983383
(20, 9240)
0.375827074051
(20, 7213)
0.299002885818
(20, 10788)
0.453466892242
(20, 10560)
0.444998025894
(20, 10645)
0.454747915268
(20, 9814)
0.416630983353
(20, 7722)
0.324263095856
(20, 11439)
0.473114013672
(20, 9645)
0.442837953568
(20, 8758)
0.448348999023
(20, 9099)
0.45752120018
(20, 11095)
0.530338048935
(20, 9848)
0.481408834457
(20, 8917)
0.436949968338
