(50, 995)
0.0539960861206
(50, 997)
0.0415711402893
(50, 970)
0.0408110618591
(50, 976)
0.0413110256195
(50, 1361)
0.0637469291687
(50, 1370)
0.0683739185333
(50, 1765)
0.0846161842346
(50, 2030)
0.0993490219116
(50, 2152)
0.108402967453
(50, 2745)
0.142066001892
(50, 2397)
0.12471985817
(50, 3676)
0.212956905365
(50, 3194)
0.178397893906
(50, 3665)
0.204512119293
(50, 4223)
0.23327589035
(50, 4316)
0.246490955353
(50, 4179)
0.235407114029
(50, 4589)
0.261118173599
(50, 4389)
0.255742073059
(50, 5782)
0.340667009354
(50, 5030)
0.29528093338
(50, 5241)
0.312895059586
(50, 5691)
0.341730833054
(50, 5613)
0.334347009659
(50, 6312)
0.374022006989
(50, 5939)
0.361919164658
(50, 5883)
0.350947141647
(50, 6619)
0.401169776917
(50, 5990)
0.368380069733
(50, 8045)
0.499855995178
(50, 8349)
0.524626970291
(50, 8630)
0.539448022842
(50, 7341)
0.451184034348
(50, 7894)
0.498312950134
(50, 8186)
0.517096996307
(50, 9462)
0.602392196655
(50, 9829)
0.627285003662
(50, 8297)
0.537687063217
(50, 8990)
0.578289985657
(50, 9191)
0.602692842484
(50, 9656)
0.613119125366
(50, 10962)
0.723759174347
(50, 11194)
0.72699713707
(50, 12882)
0.843731880188
(50, 11181)
0.738244056702
(50, 10940)
0.723175048828
(50, 12215)
0.812731027603
(50, 10204)
0.688575029373
(50, 13322)
0.889470100403
(50, 9771)
0.667202949524
(50, 13794)
0.947850942612
(50, 12634)
0.875343084335
(50, 13152)
0.906595945358
(50, 12856)
0.875869989395
(50, 13955)
0.973788976669
(50, 12832)
0.861479043961
(50, 14549)
1.01364183426
(50, 12400)
0.854729890823
(50, 14154)
0.997489213943
(50, 14207)
0.995276927948
(50, 15152)
1.02112388611
(50, 15968)
1.11774921417
(50, 13435)
0.922335147858
(50, 17402)
1.21817708015
(50, 14604)
1.02607798576
(50, 15470)
1.07093095779
(50, 19210)
1.33354091644
(50, 17626)
1.23342680931
(50, 14423)
0.998472929001
(50, 18495)
1.3257381916
(50, 18009)
1.27266001701
(50, 17958)
1.27489113808
(50, 19819)
1.41976499557
(50, 19303)
1.35846590996
(50, 17767)
1.27332520485
(50, 16930)
1.19957089424
(50, 18627)
1.33787989616
(50, 19540)
1.39505600929
(50, 20245)
1.44404315948
(50, 19092)
1.37076687813
(50, 20643)
1.49322915077
(50, 18928)
1.34951305389
(50, 22345)
1.64772987366
(50, 20642)
1.47556614876
(50, 24400)
1.77967500687
(50, 21012)
1.51873493195
(50, 22874)
1.66684699059
(50, 21329)
1.54672813416
(50, 21202)
1.55799818039
(50, 23733)
1.72194886208
(50, 23886)
1.75993704796
(50, 22579)
1.64296293259
(50, 22438)
1.63553595543
(50, 22937)
1.69220113754
(50, 23171)
1.68789482117
(50, 24469)
1.7588789463
(50, 25282)
1.86087298393
(50, 26440)
1.9383289814
(50, 24394)
1.75292897224
(50, 24217)
1.77716684341
