(50, 997)
0.0702588558197
(50, 982)
0.0691390037537
(50, 998)
0.0743100643158
(50, 1001)
0.069324016571
(50, 1037)
0.0742151737213
(50, 1526)
0.113823890686
(50, 1828)
0.14143204689
(50, 1853)
0.149370908737
(50, 2035)
0.170727968216
(50, 2520)
0.21454000473
(50, 2558)
0.254448890686
(50, 2996)
0.258181095123
(50, 3538)
0.31467795372
(50, 3732)
0.342422008514
(50, 4554)
0.393483877182
(50, 4125)
0.37104010582
(50, 4497)
0.427101135254
(50, 4400)
0.401439905167
(50, 4595)
0.411236047745
(50, 4923)
0.461725950241
(50, 5788)
0.555917978287
(50, 5569)
0.521347045898
(50, 5602)
0.545648097992
(50, 6564)
0.647364854813
(50, 5782)
0.580610990524
(50, 6354)
0.661509037018
(50, 7221)
0.73291015625
(50, 5668)
0.56586098671
(50, 6353)
0.685080051422
(50, 7471)
0.816717147827
(50, 7639)
0.825702905655
(50, 7670)
0.825753927231
(50, 9131)
0.989490032196
(50, 8406)
0.913980007172
(50, 8440)
0.934056997299
(50, 7014)
0.770836114883
(50, 8944)
0.979439973831
(50, 8930)
0.971911907196
(50, 10494)
1.16268706322
(50, 10634)
1.26071596146
(50, 9958)
1.18563199043
(50, 10235)
1.30390095711
(50, 11493)
1.56668782234
(50, 10901)
1.28817200661
(50, 10090)
1.21406793594
(50, 12468)
1.34290218353
(50, 11031)
1.18237113953
(50, 12703)
1.43984699249
(50, 9758)
1.25094199181
(50, 12473)
1.37561702728
(50, 12084)
1.28740406036
(50, 12850)
1.39772295952
(50, 12559)
1.34616088867
(50, 15514)
1.68238115311
(50, 13287)
1.42342805862
(50, 13871)
1.48849797249
(50, 16029)
1.78435492516
(50, 15953)
1.72822499275
(50, 14765)
1.60745596886
(50, 13776)
1.49704313278
(50, 12639)
1.38348913193
(50, 15931)
1.74679613113
(50, 14741)
1.62560606003
(50, 16892)
1.82065701485
(50, 16307)
1.81956195831
(50, 16381)
1.83596920967
(50, 14931)
1.65781903267
(50, 16243)
2.12349081039
(50, 16264)
2.07819509506
(50, 18391)
2.38117098808
(50, 15617)
1.96467614174
(50, 18245)
2.37337112427
(50, 18268)
2.35710597038
(50, 19527)
2.34374380112
(50, 18550)
2.0390560627
(50, 18636)
2.07724285126
(50, 17649)
1.99225687981
(50, 14995)
1.68932890892
(50, 19211)
2.13062286377
(50, 18125)
2.0622959137
(50, 22714)
2.6533010006
(50, 21106)
2.39471483231
(50, 22652)
2.5524148941
(50, 18588)
2.10545706749
(50, 21954)
2.51160788536
(50, 23086)
2.66561293602
(50, 21404)
2.42713212967
(50, 21011)
2.40505599976
(50, 27185)
3.1161441803
(50, 25154)
2.83664298058
(50, 24244)
2.74044585228
(50, 23405)
2.68296909332
(50, 21523)
2.49579000473
(50, 25777)
2.95627689362
(50, 22372)
2.64729809761
(50, 19727)
2.44009709358
(50, 24481)
3.04415297508
(50, 26070)
3.22078514099
(50, 23372)
2.85091996193
(50, 23048)
2.80031609535
